 1 
 500 
 20 
 743.9 
 3.6 
 600 
 5 
 .21 
 10024 
 1136 
 372 
 191 
 1.666667E-02 
 23 
 56 
 83 
 110 
 131 
 154 
 175 
 195 
 214 
 232 
 249 
 265 
 280 
 295 
 309 
 321 
 334 
 345 
 356 
 366 
 373 
 371 
 369 
 368 
 366 
 364 
 364 
 363 
 361 
 361 
 360 
 362 
 360 
 359 
 363 
 361 
 362 
 361 
 361 
 360 
 360 
 359 
 363 
 362 
 363 
 362 
 362 
 362 
 363 
 362 
 362 
 362 
 362 
 362 
 362 
 363 
 362 
 363 
 362 
 363 
 362 
 363 
 362 
 362 
 363 
 363 
 363 
 363 
 363 
 363 
 364 
 363 
 365 
 364 
 364 
 364 
 365 
 364 
 365 
 365 
 366 
 365 
 367 
 366 
 367 
 366 
 366 
 367 
 367 
 367 
 367 
 368 
 368 
 368 
 368 
 369 
 369 
 368 
 369 
 371 
 374 
 376 
 379 
 381 
 384 
 387 
 388 
 391 
 394 
 396 
 398 
 400 
 403 
 406 
 406 
 408 
 411 
 413 
 416 
 418 
 417 
 420 
 421 
 424 
 425 
 427 
 430 
 430 
 437 
 443 
 444 
 445 
 446 
 445 
 446 
 448 
 449 
 449 
 450 
 452 
 452 
 454 
 453 
 454 
 456 
 456 
 457 
 457 
 459 
 459 
 459 
 460 
 459 
 462 
 462 
 463 
 464 
 464 
 464 
 466 
 465 
 465 
 466 
 466 
 467 
 476 
 478 
 475 
 475 
 475 
 475 
 476 
 476 
 476 
 476 
 478 
 476 
 476 
 475 
 476 
 477 
 476 
 476 
 477 
 476 
 478 
 477 
 479 
 477 
 478 
 477 
 478 
 477 
 477 
 476 
 476 
 474 
 474 
 474 
 475 
 473 
 473 
 472 
 472 
 470 
 471 
 471 
 470 
 470 
 470 
 469 
 469 
 469 
 469 
 468 
 468 
 468 
 467 
 471 
 470 
 470 
 470 
 470 
 469 
 469 
 468 
 468 
 468 
 468 
 466 
 466 
 467 
 466 
 466 
 466 
 464 
 465 
 465 
 462 
 465 
 464 
 463 
 464 
 469 
 464 
 463 
 463 
 464 
 463 
 464 
 463 
 462 
 459 
 463 
 462 
 462 
 461 
 462 
 462 
 460 
 461 
 461 
 461 
 461 
 461 
 461 
 461 
 461 
 461 
 460 
 461 
 460 
 461 
 460 
 461 
 461 
 462 
 462 
 461 
 461 
 461 
 461 
 460 
 461 
 461 
 460 
 462 
 461 
 461 
 461 
 462 
 461 
 462 
 461 
 462 
 462 
 462 
 461 
 462 
 461 
 461 
 462 
 462 
 462 
 462 
 462 
 462 
 462 
 462 
 461 
 462 
 462 
 461 
 462 
 461 
 462 
 461 
 462 
 462 
 462 
 462 
 461 
 460 
 462 
 461 
 462 
 461 
 461 
 461 
 460 
 462 
 461 
 461 
 460 
 461 
 461 
 462 
 459 
 460 
 461 
 460 
 460 
 460 
 461 
 461 
 461 
 461 
 460 
 460 
 461 
 461 
 460 
 460 
 461 
 460 
 461 
 460 
 460 
 460 
 460 
 460 
 460 
 460 
 459 
 460 
 460 
 459 
 460 
 459 
 460 
 461 
 460 
 460.2833 
 461.5667 
 272 
 97 
 24 
 3 
 0 
 0 
 0 
 0 
 0 
 0 
 0 
 1 
 0 
 0 
 0 
 0 
-1 
 0 
 0 
 0 
 0 
 0 
-1 
 0 
 0 
 0 
 0 
 0 
 0 
 0 
 0 
 0 
 0 
 0 
 0 
 0 
 1 
 0 
 0 
 0 
 0 
 0 
 0 
 0 
-1 
 0 
 0 
 0 
 0 
-1 
 0 
 0 
 0 
-1 
 0 
-3 
-2 
 0 
-1 
 0 
 0 
 0 
 0 
 0 
 0 
-1 
 0 
-1 
 0 
-1 
-1 
-1 
 0 
-1 
 0 
 0 
 0 
 0 
 0 
 0 
 0 
 0 
-1 
 1 
 0 
 3 
 0 
 0 
 0 
 0 
-1 
 0 
 1 
 0 
 0 
-1 
 1 
 0 
 0 
-1 
 0 
-1 
-1 
 0 
-1 
 0 
-1 
 0 
 1 
 1 
 1 
 0 
 1 
-1 
 0 
 0 
 0 
 0 
 1 
 0 
 0 
 0 
 0 
 2 
-1 
 0 
 1 
-1 
 1 
 0 
 0 
 1 
 0 
 0 
-1 
 0 
 1 
-1 
 0 
 0 
 0 
 0 
-1 
-1 
 0 
 0 
-1 
-1 
 0 
 0 
 0 
 1 
 0 
-1 
 0 
-1 
 0 
 0 
-1 
 0 
 0 
 1 
-1 
-1 
-1 
 1 
-1 
 0 
-1 
 0 
 0 
 0 
 0 
-1 
 0 
 0 
-1 
 0 
 0 
-1 
-1 
-1 
 0 
-1 
-1 
 0 
-4 
-1 
 2 
 1 
-1 
-.3833333 
-.25 
-988.1 
-1005 
-1005 
-1005 
-1005 
-1005 
-1005 
-1005 
-1004 
-1004 
-1004 
-1004 
-1004 
-1005 
-1005 
-1003 
-1004 
-1003 
-1003 
-1003 
-1003 
-1001 
-1002 
-1002 
-1003 
-1002 
-1003 
-1001 
-1003 
-1001 
-1002 
-1001 
-1001 
-1000 
-1000 
-999 
-1000 
-999 
-1000 
-998 
-999 
-997 
-998 
-996 
-999 
-995 
-996 
-994 
-996 
-993 
-994 
-991 
-993 
-990 
-991 
-988 
-990 
-987 
-988 
-986 
-987 
-985 
-986 
-983 
-985 
-982 
-983 
-980 
-981 
-978 
-979 
-977 
-979 
-976 
-977 
-975 
-976 
-974 
-976 
-972 
-974 
-972 
-973 
-971 
-972 
-970 
-971 
-969 
-970 
-968 
-970 
-967 
-968 
-966 
-967 
-965 
-967 
-964 
-965 
-963 
-956 
-948 
-942 
-936 
-931 
-924 
-921 
-915 
-913 
-910 
-904 
-901 
-895 
-889 
-883 
-879 
-878 
-873 
-872 
-869 
-867 
-860 
-854 
-849 
-845 
-844 
-843 
-839 
-836 
-833 
-830 
-828 
-825 
-822 
-820 
-820 
-820 
-818 
-815 
-812 
-811 
-811 
-810 
-808 
-805 
-802 
-801 
-801 
-798 
-798 
-797 
-796 
-796 
-794 
-793 
-793 
-791 
-789 
-786 
-785 
-786 
-782 
-780 
-779 
-779 
-778 
-777 
-776 
-773 
-773 
-771 
-770 
-771 
-769 
-769 
-771 
-768 
-768 
-768 
-767 
-767 
-768 
-763 
-762 
-765 
-765 
-764 
-764 
-764 
-765 
-763 
-761 
-759 
-759 
-758 
-758 
-759 
-759 
-758 
-759 
-763 
-760 
-757 
-758 
-758 
-758 
-758 
-754 
-754 
-753 
-751 
-750 
-751 
-752 
-751 
-752 
-751 
-753 
-753 
-753 
-756 
-758 
-759 
-758 
-757 
-759 
-761 
-768 
-770 
-771 
-771 
-770 
-769 
-771 
-773 
-775 
-774 
-777 
-778 
-776 
-775 
-779 
-780 
-779 
-781 
-783 
-784 
-785 
-784 
-784 
-790 
-787 
-788 
-790 
-790 
-788 
-786 
-786 
-787 
-784 
-783 
-784 
-784 
-782 
-780 
-782 
-784 
-781 
-783 
-781 
-779 
-781 
-783 
-781 
-779 
-780 
-780 
-779 
-778 
-779 
-778 
-780 
-778 
-777 
-776 
-776 
-776 
-776 
-776 
-775 
-774 
-775 
-776 
-778 
-776 
-775 
-770 
-768 
-768 
-768 
-770 
-770 
-768 
-768 
-768 
-766 
-766 
-765 
-767 
-768 
-767 
-767 
-768 
-770 
-770 
-768 
-765 
-765 
-766 
-766 
-766 
-766 
-766 
-768 
-767 
-768 
-765 
-765 
-766 
-763 
-761 
-760 
-759 
-759 
-759 
-757 
-756 
-759 
-759 
-760 
-761 
-761 
-762 
-764 
-763 
-764 
-762 
-761 
-760 
-760 
-763 
-766 
-764 
-759 
-757 
-757 
-756 
-756 
-757 
-761 
-759 
-759 
-761 
-764 
-763 
-765 
-763 
-764 
-764 
-766 
-768 
-769 
-771 
-785.2167 
-765.9 
-776 
-772 
-774 
-776 
-777 
-777 
-779 
-778 
-779 
-778 
-780 
-779 
-781 
-780 
-782 
-781 
-782 
-782 
-783 
-782 
-784 
-784 
-785 
-785 
-787 
-787 
-788 
-788 
-790 
-789 
-792 
-790 
-792 
-791 
-793 
-792 
-795 
-794 
-796 
-796 
-799 
-798 
-800 
-800 
-802 
-801 
-804 
-803 
-806 
-805 
-807 
-807 
-810 
-809 
-812 
-811 
-814 
-813 
-815 
-814 
-818 
-818 
-821 
-819 
-823 
-822 
-826 
-825 
-827 
-828 
-831 
-830 
-833 
-833 
-835 
-835 
-837 
-836 
-839 
-839 
-842 
-841 
-843 
-842 
-845 
-843 
-846 
-845 
-847 
-846 
-848 
-847 
-849 
-848 
-851 
-850 
-853 
-852 
-856 
-864 
-871 
-878 
-886 
-893 
-901 
-906 
-913 
-919 
-924 
-926 
-930 
-935 
-936 
-938 
-942 
-945 
-948 
-952 
-956 
-958 
-962 
-965 
-965 
-968 
-968 
-969 
-972 
-973 
-975 
-976 
-975 
-976 
-977 
-978 
-982 
-981 
-982 
-981 
-982 
-983 
-983 
-985 
-985 
-985 
-986 
-985 
-986 
-988 
-987 
-987 
-989 
-992 
-991 
-991 
-993 
-992 
-991 
-991 
-991 
-992 
-993 
-994 
-995 
-997 
-999 
-998 
-998 
-997 
-997 
-997 
-995 
-996 
-997 
-998 
-999 
-997 
-998 
-998 
-999 
-1003 
-1002 
-1001 
-999 
-1000 
-1000 
-1002 
-1002 
-1001 
-999 
-999 
-998 
-1000.1 
-999.65 
-1432.1 
-1439 
-1441 
-1441 
-1441 
-1441 
-1442 
-1441 
-1442 
-1441 
-1441 
-1441 
-1441 
-1440 
-1441 
-1433 
-1438 
-1438 
-1439 
-1439 
-1439 
-1436 
-1436 
-1437 
-1438 
-1436 
-1437 
-1436 
-1436 
-1434 
-1435 
-1434 
-1434 
-1434 
-1433 
-1432 
-1434 
-1435 
-1434 
-1432 
-1432 
-1432 
-1433 
-1430 
-1431 
-1430 
-1430 
-1429 
-1429 
-1428 
-1429 
-1427 
-1429 
-1428 
-1428 
-1427 
-1428 
-1426 
-1426 
-1432 
-1430 
-1424 
-1425 
-1423 
-1423 
-1422 
-1422 
-1420 
-1420 
-1419 
-1419 
-1417 
-1417 
-1416 
-1415 
-1415 
-1414 
-1413 
-1412 
-1411 
-1411 
-1411 
-1410 
-1408 
-1409 
-1409 
-1408 
-1405 
-1407 
-1404 
-1403 
-1402 
-1403 
-1402 
-1403 
-1402 
-1401 
-1399 
-1400 
-1397 
-1391 
-1383 
-1379 
-1376 
-1372 
-1367 
-1362 
-1360 
-1356 
-1353 
-1350 
-1347 
-1345 
-1341 
-1336 
-1334 
-1333 
-1330 
-1328 
-1325 
-1323 
-1320 
-1318 
-1316 
-1315 
-1314 
-1311 
-1309 
-1309 
-1304 
-1303 
-1300 
-1299 
-1300 
-1296 
-1293 
-1293 
-1292 
-1290 
-1289 
-1286 
-1288 
-1287 
-1285 
-1283 
-1282 
-1282 
-1281 
-1279 
-1277 
-1277 
-1276 
-1275 
-1273 
-1273 
-1271 
-1274 
-1272 
-1270 
-1267 
-1267 
-1267 
-1268 
-1268 
-1264 
-1265 
-1266 
-1265 
-1265 
-1261 
-1262 
-1260 
-1258 
-1260 
-1259 
-1258 
-1257 
-1257 
-1256 
-1253 
-1253 
-1256 
-1255 
-1254 
-1257 
-1255 
-1254 
-1255 
-1251 
-1252 
-1252 
-1253 
-1251 
-1251 
-1251 
-1249 
-1248 
-1250 
-1247 
-1247 
-1248 
-1247 
-1247 
-1245 
-1246 
-1245 
-1248 
-1249 
-1245 
-1244 
-1245 
-1245 
-1245 
-1245 
-1245 
-1245 
-1240 
-1244 
-1244 
-1245 
-1247 
-1244 
-1244 
-1245 
-1247 
-1246 
-1245 
-1244 
-1246 
-1245 
-1249 
-1248 
-1249 
-1251 
-1248 
-1251 
-1252 
-1252 
-1251 
-1251 
-1253 
-1254 
-1254 
-1254 
-1257 
-1258 
-1256 
-1257 
-1260 
-1262 
-1257 
-1261 
-1258 
-1258 
-1259 
-1260 
-1260 
-1261 
-1262 
-1263 
-1264 
-1263 
-1262 
-1262 
-1264 
-1263 
-1262 
-1262 
-1262 
-1262 
-1263 
-1263 
-1264 
-1265 
-1263 
-1264 
-1262 
-1264 
-1261 
-1262 
-1262 
-1262 
-1263 
-1264 
-1261 
-1261 
-1260 
-1261 
-1262 
-1259 
-1260 
-1261 
-1261 
-1263 
-1260 
-1262 
-1259 
-1258 
-1256 
-1255 
-1256 
-1255 
-1254 
-1254 
-1256 
-1255 
-1255 
-1255 
-1256 
-1254 
-1255 
-1255 
-1255 
-1256 
-1255 
-1255 
-1255 
-1255 
-1255 
-1256 
-1255 
-1254 
-1254 
-1253 
-1255 
-1255 
-1254 
-1252 
-1252 
-1252 
-1252 
-1251 
-1251 
-1255 
-1253 
-1250 
-1249 
-1251 
-1250 
-1250 
-1253 
-1253 
-1252 
-1252 
-1252 
-1251 
-1256 
-1252 
-1251 
-1251 
-1251 
-1249 
-1250 
-1248 
-1248 
-1249 
-1246 
-1248 
-1246 
-1248 
-1250 
-1248 
-1248 
-1249 
-1249 
-1251 
-1251 
-1248 
-1248 
-1250 
-1248 
-1250 
-1251 
-1260.333 
-1250.317 
-1252 
-1232 
-1230 
-1235 
-1241 
-1244 
-1248 
-1247 
-1249 
-1242 
-1248 
-1249 
-1250 
-1250 
-1251 
-1250 
-1253 
-1252 
-1253 
-1253 
-1254 
-1254 
-1254 
-1255 
-1255 
-1255 
-1257 
-1258 
-1259 
-1258 
-1260 
-1261 
-1262 
-1261 
-1264 
-1265 
-1266 
-1266 
-1268 
-1267 
-1270 
-1269 
-1271 
-1272 
-1273 
-1273 
-1276 
-1277 
-1278 
-1279 
-1281 
-1282 
-1285 
-1283 
-1287 
-1287 
-1290 
-1290 
-1292 
-1291 
-1293 
-1295 
-1297 
-1296 
-1297 
-1300 
-1299 
-1300 
-1302 
-1302 
-1304 
-1303 
-1305 
-1305 
-1307 
-1306 
-1309 
-1309 
-1311 
-1309 
-1312 
-1312 
-1314 
-1313 
-1314 
-1315 
-1316 
-1316 
-1318 
-1318 
-1320 
-1319 
-1321 
-1321 
-1322 
-1321 
-1325 
-1324 
-1324 
-1335 
-1341 
-1347 
-1353 
-1358 
-1364 
-1370 
-1375 
-1379 
-1382 
-1383 
-1386 
-1389 
-1394 
-1396 
-1398 
-1401 
-1403 
-1405 
-1408 
-1409 
-1409 
-1410 
-1411 
-1413 
-1416 
-1416 
-1416 
-1420 
-1420 
-1420 
-1419 
-1422 
-1420 
-1422 
-1423 
-1423 
-1427 
-1428 
-1427 
-1428 
-1429 
-1428 
-1428 
-1427 
-1429 
-1429 
-1432 
-1433 
-1432 
-1432 
-1432 
-1433 
-1435 
-1434 
-1432 
-1434 
-1435 
-1434 
-1434 
-1434 
-1433 
-1435 
-1435 
-1438 
-1437 
-1434 
-1438 
-1437 
-1437 
-1437 
-1438 
-1438 
-1438 
-1437 
-1438 
-1437 
-1438 
-1440 
-1440 
-1440 
-1438 
-1438 
-1439 
-1441 
-1441 
-1440 
-1441 
-1440 
-1438 
-1440 
-1440 
-1440.667 
-1440.6 
-1199.783 
-1204 
-1203 
-1206 
-1205 
-1208 
-1207 
-1209 
-1209 
-1211 
-1210 
-1212 
-1212 
-1213 
-1213 
-1213 
-1212 
-1213 
-1213 
-1214 
-1214 
-1213 
-1213 
-1213 
-1213 
-1214 
-1213 
-1213 
-1213 
-1213 
-1213 
-1213 
-1212 
-1212 
-1212 
-1211 
-1210 
-1209 
-1209 
-1208 
-1208 
-1205 
-1205 
-1203 
-1203 
-1202 
-1201 
-1201 
-1199 
-1198 
-1198 
-1196 
-1196 
-1195 
-1194 
-1192 
-1192 
-1190 
-1189 
-1187 
-1187 
-1186 
-1186 
-1183 
-1183 
-1181 
-1181 
-1178 
-1178 
-1175 
-1176 
-1175 
-1175 
-1174 
-1174 
-1172 
-1172 
-1170 
-1169 
-1167 
-1167 
-1165 
-1164 
-1163 
-1163 
-1161 
-1162 
-1160 
-1160 
-1157 
-1160 
-1157 
-1158 
-1156 
-1157 
-1154 
-1155 
-1153 
-1154 
-1151 
-1142 
-1138 
-1130 
-1126 
-1124 
-1115 
-1111 
-1107 
-1101 
-1100 
-1096 
-1093 
-1089 
-1086 
-1079 
-1078 
-1074 
-1071 
-1069 
-1066 
-1063 
-1060 
-1057 
-1058 
-1053 
-1051 
-1049 
-1044 
-1043 
-1043 
-1044 
-1040 
-1035 
-1035 
-1032 
-1029 
-1028 
-1027 
-1025 
-1027 
-1026 
-1023 
-1020 
-1021 
-1020 
-1018 
-1014 
-1013 
-1012 
-1013 
-1010 
-1012 
-1011 
-1010 
-1011 
-1006 
-1008 
-1003 
-1003 
-1003 
-1002 
-999 
-999 
-1001 
-1000 
-999 
-997 
-995 
-994 
-994 
-991 
-986 
-985 
-984 
-986 
-987 
-988 
-987 
-986 
-985 
-984 
-985 
-984 
-980 
-982 
-984 
-983 
-983 
-982 
-980 
-981 
-979 
-979 
-979 
-984 
-983 
-981 
-980 
-980 
-980 
-979 
-978 
-980 
-979 
-975 
-977 
-977 
-976 
-978 
-976 
-976 
-975 
-976 
-977 
-978 
-974 
-968 
-974 
-973 
-971 
-972 
-969 
-970 
-972 
-971 
-971 
-973 
-974 
-972 
-972 
-975 
-974 
-976 
-977 
-976 
-975 
-978 
-980 
-979 
-980 
-980 
-982 
-984 
-983 
-982 
-983 
-986 
-986 
-986 
-987 
-985 
-985 
-985 
-984 
-986 
-987 
-988 
-990 
-990 
-988 
-989 
-989 
-988 
-987 
-988 
-990 
-990 
-989 
-989 
-990 
-988 
-988 
-987 
-991 
-989 
-988 
-989 
-991 
-990 
-989 
-988 
-988 
-988 
-987 
-989 
-990 
-991 
-989 
-989 
-989 
-990 
-988 
-989 
-988 
-987 
-989 
-988 
-986 
-986 
-983 
-984 
-982 
-982 
-983 
-982 
-981 
-984 
-984 
-984 
-984 
-982 
-982 
-984 
-980 
-986 
-986 
-983 
-983 
-983 
-985 
-989 
-990 
-988 
-988 
-987 
-986 
-983 
-984 
-982 
-982 
-979 
-978 
-982 
-982 
-980 
-980 
-981 
-978 
-980 
-979 
-979 
-976 
-976 
-976 
-977 
-978 
-980 
-980 
-983 
-982 
-982 
-982 
-981 
-979 
-979 
-978 
-979 
-977 
-975 
-976 
-979 
-976 
-976 
-978 
-980 
-982 
-979 
-976 
-977 
-975 
-977 
-979 
-980 
-989.5333 
-980.4833 
-978 
-970 
-964 
-962 
-961 
-962 
-961 
-962 
-962 
-963 
-962 
-962 
-963 
-963 
-964 
-965 
-965 
-965 
-966 
-966 
-967 
-968 
-968 
-969 
-970 
-970 
-972 
-972 
-974 
-975 
-977 
-977 
-979 
-980 
-982 
-982 
-985 
-985 
-987 
-989 
-991 
-992 
-994 
-995 
-997 
-998 
-1000 
-1000 
-1003 
-1003 
-1007 
-1007 
-1009 
-1009 
-1014 
-1014 
-1015 
-1016 
-1019 
-1019 
-1022 
-1023 
-1025 
-1025 
-1028 
-1028 
-1030 
-1031 
-1033 
-1033 
-1036 
-1036 
-1039 
-1038 
-1041 
-1041 
-1044 
-1044 
-1045 
-1046 
-1048 
-1048 
-1049 
-1051 
-1053 
-1053 
-1055 
-1055 
-1058 
-1058 
-1060 
-1060 
-1062 
-1063 
-1065 
-1065 
-1067 
-1066 
-1068 
-1079 
-1087 
-1094 
-1103 
-1107 
-1113 
-1120 
-1123 
-1128 
-1133 
-1136 
-1139 
-1145 
-1147 
-1151 
-1152 
-1154 
-1156 
-1158 
-1163 
-1162 
-1164 
-1169 
-1169 
-1169 
-1169 
-1169 
-1170 
-1174 
-1177 
-1176 
-1178 
-1179 
-1179 
-1178 
-1179 
-1180 
-1185 
-1186 
-1185 
-1185 
-1184 
-1187 
-1187 
-1188 
-1191 
-1193 
-1193 
-1190 
-1190 
-1191 
-1194 
-1196 
-1196 
-1195 
-1196 
-1196 
-1196 
-1197 
-1197 
-1196 
-1197 
-1198 
-1196 
-1197 
-1196 
-1197 
-1198 
-1198 
-1201 
-1201 
-1200 
-1199 
-1200 
-1201 
-1201 
-1201 
-1201 
-1201 
-1201 
-1202 
-1202 
-1200 
-1203 
-1201 
-1202 
-1203 
-1202 
-1203 
-1203 
-1202 
-1202 
-1206.083 
-1206.833 
-680.6334 
-689 
-681 
-704 
-696 
-709 
-698 
-712 
-696 
-710 
-699 
-709 
-697 
-710 
-697 
-707 
-696 
-709 
-696 
-708 
-698 
-707 
-694 
-703 
-691 
-700 
-690 
-702 
-689 
-699 
-691 
-699 
-689 
-699 
-687 
-696 
-687 
-698 
-686 
-695 
-687 
-693 
-683 
-692 
-682 
-687 
-679 
-690 
-675 
-684 
-678 
-683 
-675 
-683 
-673 
-678 
-672 
-680 
-670 
-677 
-671 
-675 
-668 
-675 
-668 
-672 
-667 
-673 
-664 
-670 
-666 
-668 
-662 
-669 
-661 
-664 
-659 
-665 
-656 
-661 
-657 
-659 
-655 
-659 
-653 
-655 
-651 
-655 
-649 
-652 
-650 
-650 
-646 
-649 
-645 
-646 
-644 
-646 
-641 
-643 
-633 
-625 
-620 
-617 
-610 
-605 
-600 
-594 
-591 
-588 
-587 
-583 
-580 
-578 
-574 
-572 
-571 
-572 
-570 
-568 
-564 
-563 
-559 
-559 
-557 
-552 
-553 
-551 
-547 
-542 
-541 
-539 
-536 
-534 
-531 
-530 
-530 
-527 
-525 
-524 
-522 
-522 
-520 
-518 
-521 
-520 
-520 
-519 
-519 
-520 
-520 
-520 
-517 
-517 
-518 
-518 
-518 
-516 
-518 
-517 
-515 
-513 
-513 
-512 
-510 
-507 
-507 
-505 
-504 
-502 
-502 
-502 
-501 
-498 
-495 
-492 
-491 
-488 
-488 
-490 
-487 
-489 
-490 
-490 
-490 
-490 
-490 
-489 
-490 
-488 
-488 
-489 
-489 
-491 
-490 
-491 
-492 
-492 
-492 
-491 
-492 
-492 
-491 
-492 
-492 
-492 
-493 
-493 
-493 
-494 
-491 
-490 
-489 
-488 
-487 
-485 
-481 
-485 
-485 
-484 
-483 
-480 
-483 
-481 
-481 
-480 
-477 
-479 
-479 
-480 
-478 
-478 
-479 
-481 
-482 
-482 
-483 
-482 
-482 
-484 
-487 
-488 
-487 
-487 
-488 
-488 
-488 
-489 
-490 
-492 
-494 
-497 
-497 
-495 
-496 
-495 
-494 
-494 
-493 
-494 
-494 
-493 
-493 
-493 
-493 
-493 
-494 
-492 
-494 
-492 
-493 
-492 
-491 
-490 
-490 
-490 
-490 
-489 
-488 
-488 
-489 
-489 
-490 
-494 
-494 
-494 
-496 
-495 
-495 
-494 
-493 
-497 
-499 
-500 
-502 
-502 
-502 
-502 
-499 
-498 
-495 
-495 
-494 
-493 
-492 
-490 
-489 
-488 
-487 
-487 
-487 
-486 
-486 
-487 
-489 
-492 
-493 
-492 
-493 
-493 
-492 
-495 
-500 
-499 
-501 
-501 
-499 
-496 
-497 
-493 
-493 
-492 
-491 
-489 
-488 
-488 
-488 
-487 
-487 
-486 
-487 
-487 
-487 
-489 
-487 
-487 
-488 
-489 
-490 
-490 
-494 
-498 
-501 
-497 
-495 
-493 
-491 
-489 
-488 
-486 
-482 
-481 
-482 
-480 
-479 
-483 
-486 
-487 
-488 
-487 
-488 
-493 
-495 
-491.6167 
-488.1167 
-475 
-429 
-380 
-383 
-383 
-415 
-422 
-442 
-441 
-459 
-449 
-464 
-455 
-468 
-457 
-471 
-463 
-470 
-462 
-477 
-464 
-477 
-468 
-479 
-468 
-479 
-474 
-482 
-473 
-487 
-476 
-487 
-481 
-489 
-481 
-493 
-486 
-494 
-486 
-499 
-488 
-499 
-493 
-502 
-494 
-505 
-499 
-506 
-500 
-512 
-502 
-512 
-506 
-516 
-508 
-515 
-512 
-518 
-512 
-524 
-515 
-523 
-519 
-525 
-520 
-529 
-524 
-529 
-524 
-535 
-526 
-534 
-530 
-537 
-531 
-539 
-535 
-541 
-536 
-545 
-537 
-544 
-541 
-548 
-543 
-550 
-546 
-551 
-549 
-557 
-549 
-556 
-553 
-560 
-553 
-561 
-557 
-561 
-557 
-568 
-578 
-585 
-592 
-599 
-605 
-610 
-615 
-620 
-625 
-630 
-634 
-638 
-640 
-643 
-645 
-648 
-648 
-650 
-649 
-652 
-653 
-655 
-656 
-657 
-657 
-658 
-659 
-661 
-660 
-661 
-660 
-662 
-662 
-663 
-663 
-664 
-665 
-665 
-664 
-666 
-667 
-667 
-666 
-666 
-666 
-668 
-670 
-668 
-667 
-669 
-670 
-670 
-670 
-672 
-673 
-672 
-674 
-675 
-676 
-677 
-675 
-674 
-677 
-678 
-678 
-678 
-679 
-679 
-681 
-679 
-679 
-680 
-682 
-682 
-685 
-685 
-684 
-684 
-683 
-685 
-686 
-686 
-688 
-690 
-693 
-692 
-693 
-693 
-692 
-693 
-694 
-685.4333 
-686.8834 
 .07 
 .14 
 .21 
 .28 
 .35 
 .42 
 .49 
 .56 
 .63 
 .7 
 .77 
 .84 
 .91 
 .98 
 1.05 
 1.12 
 1.19 
 1.26 
 1.33 
 1.4 
 1.47 
 1.54 
 1.61 
 1.68 
 1.75 
 1.82 
 1.89 
 1.96 
 2.03 
 2.1 
 2.17 
 2.24 
 2.31 
 2.38 
 2.45 
 2.52 
 2.59 
 2.66 
 2.73 
 2.8 
 2.87 
 2.94 
 3.01 
 3.08 
 3.15 
 3.22 
 3.29 
 3.36 
 3.43 
 3.5 
 3.57 
 3.64 
 3.71 
 3.78 
 3.85 
 3.92 
 3.99 
 4.06 
 4.13 
 4.2 
 4.27 
 4.34 
 4.41 
 4.48 
 4.55 
 4.62 
 4.69 
 4.76 
 4.83 
 4.9 
 4.97 
 5.04 
 5.11 
 5.18 
 5.25 
 5.32 
 5.39 
 5.46 
 5.53 
 5.6 
 5.67 
 5.74 
 5.81 
 5.88 
 5.95 
 6.02 
 6.09 
 6.16 
 6.23 
 6.3 
 6.37 
 6.44 
 6.51 
 6.58 
 6.65 
 6.72 
 6.79 
 6.86 
 6.93 
 7 
 7.8 
 8.6 
 9.4 
 10.2 
 11 
 11.8 
 12.6 
 13.4 
 14.2 
 15 
 15.8 
 16.6 
 17.4 
 18.2 
 19 
 19.8 
 20.6 
 21.4 
 22.2 
 23 
 23.8 
 24.6 
 25.4 
 26.2 
 27 
 27.8 
 28.6 
 29.4 
 30.2 
 31 
 31.8 
 32.6 
 33.4 
 34.2 
 35 
 35.8 
 36.6 
 37.4 
 38.2 
 39 
 39.8 
 40.6 
 41.4 
 42.2 
 43 
 43.8 
 44.6 
 45.4 
 46.2 
 47 
 47.8 
 48.6 
 49.4 
 50.2 
 51 
 51.8 
 52.6 
 53.4 
 54.2 
 55 
 55.8 
 56.6 
 57.4 
 58.2 
 59 
 59.8 
 60.6 
 61.4 
 62.2 
 63 
 63.8 
 64.6 
 65.4 
 66.2 
 67 
 67.8 
 68.6 
 69.4 
 70.2 
 71 
 71.8 
 72.6 
 73.4 
 74.2 
 75 
 75.8 
 76.6 
 77.4 
 78.2 
 79 
 79.8 
 80.6 
 81.4 
 82.2 
 83 
 83.8 
 84.6 
 85.4 
 86.2 
 87 
 87.8 
 88.6 
 89.4 
 90.2 
 91 
 91.8 
 92.6 
 93.4 
 94.2 
 95 
 95.8 
 96.6 
 97.4 
 98.2 
 99 
 99.8 
 100.6 
 101.4 
 102.2 
 103 
 103.8 
 104.6 
 105.4 
 106.2 
 107 
 107.8 
 108.6 
 109.4 
 110.2 
 111 
 111.8 
 112.6 
 113.4 
 114.2 
 115 
 115.8 
 116.6 
 117.4 
 118.2 
 119 
 119.8 
 120.6 
 121.4 
 122.2 
 123 
 123.8 
 124.6 
 125.4 
 126.2 
 127 
 127.8 
 128.6 
 129.4 
 130.2 
 131 
 131.8 
 132.6 
 133.4 
 134.2 
 135 
 135.8 
 136.6 
 137.4 
 138.2 
 139 
 139.8 
 140.6 
 141.4 
 142.2 
 143 
 143.8 
 144.6 
 145.4 
 146.2 
 147 
 147.8 
 148.6 
 149.4 
 150.2 
 151 
 151.8 
 152.6 
 153.4 
 154.2 
 155 
 155.8 
 156.6 
 157.4 
 158.2 
 159 
 159.8 
 160.6 
 161.4 
 162.2 
 163 
 163.8 
 164.6 
 165.4 
 166.2 
 167 
 167.8 
 168.6 
 169.4 
 170.2 
 171 
 171.8 
 172.6 
 173.4 
 174.2 
 175 
 175.8 
 176.6 
 177.4 
 178.2 
 179 
 179.8 
 180.6 
 181.4 
 182.2 
 183 
 183.8 
 184.6 
 185.4 
 186.2 
 187 
 187.8 
 188.6 
 189.4 
 190.2 
 191 
 191.8 
 192.6 
 193.4 
 194.2 
 195 
 195.8 
 196.6 
 197.4 
 198.2 
 199 
 199.8 
 200.6 
 201.4 
 202.2 
 203 
 203.8 
 204.6 
 205.4 
 206.2 
 207 
 207.8 
 208.6 
 209.4 
 210.2 
 211 
 211.8 
 212.6 
 213.4 
 214.2 
 215 
 215.8 
 216.6 
 217.4 
 218.2 
 219 
 219.8 
 220.6 
 221.4 
 222.2 
 223 
 223.8 
 224.6 
 .07 
 .14 
 .21 
 .28 
 .35 
 .42 
 .49 
 .56 
 .63 
 .7 
 .77 
 .84 
 .91 
 .98 
 1.05 
 1.12 
 1.19 
 1.26 
 1.33 
 1.4 
 1.47 
 1.54 
 1.61 
 1.68 
 1.75 
 1.82 
 1.89 
 1.96 
 2.03 
 2.1 
 2.17 
 2.24 
 2.31 
 2.38 
 2.45 
 2.52 
 2.59 
 2.66 
 2.73 
 2.8 
 2.87 
 2.94 
 3.01 
 3.08 
 3.15 
 3.22 
 3.29 
 3.36 
 3.43 
 3.5 
 3.57 
 3.64 
 3.71 
 3.78 
 3.85 
 3.92 
 3.99 
 4.06 
 4.13 
 4.2 
 4.27 
 4.34 
 4.41 
 4.48 
 4.55 
 4.62 
 4.69 
 4.76 
 4.83 
 4.9 
 4.97 
 5.04 
 5.11 
 5.18 
 5.25 
 5.32 
 5.39 
 5.46 
 5.53 
 5.6 
 5.67 
 5.74 
 5.81 
 5.88 
 5.95 
 6.02 
 6.09 
 6.16 
 6.23 
 6.3 
 6.37 
 6.44 
 6.51 
 6.58 
 6.65 
 6.72 
 6.79 
 6.86 
 6.93 
 7 
 7.8 
 8.6 
 9.4 
 10.2 
 11 
 11.8 
 12.6 
 13.4 
 14.2 
 15 
 15.8 
 16.6 
 17.4 
 18.2 
 19 
 19.8 
 20.6 
 21.4 
 22.2 
 23 
 23.8 
 24.6 
 25.4 
 26.2 
 27 
 27.8 
 28.6 
 29.4 
 30.2 
 31 
 31.8 
 32.6 
 33.4 
 34.2 
 35 
 35.8 
 36.6 
 37.4 
 38.2 
 39 
 39.8 
 40.6 
 41.4 
 42.2 
 43 
 43.8 
 44.6 
 45.4 
 46.2 
 47 
 47.8 
 48.6 
 49.4 
 50.2 
 51 
 51.8 
 52.6 
 53.4 
 54.2 
 55 
 55.8 
 56.6 
 57.4 
 58.2 
 59 
 59.8 
 60.6 
 61.4 
 62.2 
 63 
 63.8 
 64.6 
 65.4 
 66.2 
 67 
 67.8 
 68.6 
 69.4 
 70.2 
 71 
 71.8 
 72.6 
 73.4 
 74.2 
 75 
 75.8 
 76.6 
 77.4 
 78.2 
 79 
 79.8 
